Days              : 0
Hours             : 0
Minutes           : 1
Seconds           : 56
Milliseconds      : 502
Ticks             : 1165025500
TotalDays         : 0.00134840914351852
TotalHours        : 0.0323618194444444
TotalMinutes      : 1.94170916666667
TotalSeconds      : 116.50255
TotalMilliseconds : 116502.55