Days              : 0
Hours             : 0
Minutes           : 2
Seconds           : 37
Milliseconds      : 889
Ticks             : 1578892476
TotalDays         : 0.00182742184722222
TotalHours        : 0.0438581243333333
TotalMinutes      : 2.63148746
TotalSeconds      : 157.8892476
TotalMilliseconds : 157889.2476