Days              : 0
Hours             : 0
Minutes           : 2
Seconds           : 39
Milliseconds      : 173
Ticks             : 1591736508
TotalDays         : 0.001842287625
TotalHours        : 0.044214903
TotalMinutes      : 2.65289418
TotalSeconds      : 159.1736508
TotalMilliseconds : 159173.6508